-11
-19
6
40
-6
7
43
47
-17
13
-6
35
42
-27
-33
-12
-4
-38
40
-12
-38
-5
20
1
-5
13
-24
45
-10
-6
-6
-48
-19
-41
48
17
45
41
-8
19
-14
26
32
-25
13
8
35
-26
-18
41
13
28
19
6
0
28
42
32
-41
18
-32
4
-23
-31
-32
37
-11
36
39
-17
43
-1
25
-46
27
-22
-2
-26
22
-10
-46
-36
-28
21
-29
39
41
11
33
24
-30
29
-33
12
-39
-37
-26
44
46
29
24
-16
9
35
35
-49
-3
-5
-23
9
19
10
15
-26
-32
25
22
-44
-35
-33
26
38
-37
-32
25
31
-40
-17
-50
-13
-39
-34
49
-45
26
6
20
-22
48
18
12
-1
-24
-32
0
16
-13
25
48
-24
33
-3
-18
-20
-38
-27
41
-47
9
10
-32
-17
-46
40
45
34
-18
-25
30
31
-45
29
-46
-1
-36
16
-22
14
8
32
-38
14
-23
-9
-20
42
8
-45
-2
-43
-23
3
0
-27
-46
9
-9
10
25
19
