47
-19
-21
-25
20
18
45
14
-6
-20
-6
-40
17
-50
31
26
6
-6
-7
16
-43
-4
49
33
-47
-41
-17
4
-7
15
29
43
20
-12
-42
-17
-7
10
4
-5
31
14
-19
47
-42
-27
-45
35
-10
20
39
-20
3
12
-49
-16
-38
14
-1
-4
-39
5
-40
35
-44
24
-16
40
3
-26
-10
40
-48
41
31
0
49
-23
-39
-37
45
14
15
-5
10
44
-11
26
19
35
-44
41
12
28
-34
-17
45
24
34
22
-50
10
-31
31
16
-26
-25
-9
-27
-16
-48
-9
-26
-5
30
-44
31
-9
-48
35
-15
-25
15
-9
-12
-39
16
36
-48
-42
-41
-32
1
-11
26
21
-35
15
-43
-47
47
35
-44
-2
22
39
-16
37
-16
8
26
22
-15
-14
-18
-31
15
32
39
2
19
-22
48
10
44
-50
16
36
-32
15
33
-18
50
-21
40
-35
-37
50
-37
38
10
-42
42
-28
31
17
50
-17
0
-11
-8
0
-7
-1
-46
-10
3
-27
-35
-3
