0,1,0,1,1,1,1,1,0,1,1,0,0,1,1,0,1,0,1,1,0,1,0,1,0,1,1,1,1,1,0,0,0,0,1,1,1,0,1,1,1,1,1,0,1,1,1,0,1,1,743,-108
0,1,0,1,1,1,1,0,0,1,1,0,0,1,1,0,1,0,1,1,0,1,0,1,0,1,1,1,1,1,0,0,0,0,1,1,1,0,1,1,1,1,1,0,1,1,1,0,1,1,744,-111
0,1,0,0,0,0,0,1,0,1,1,0,0,0,1,0,1,0,1,1,1,0,1,0,0,1,1,0,1,1,1,1,0,1,1,1,0,0,0,1,1,1,0,1,1,1,0,0,1,1,384,331
0,1,0,0,1,1,1,0,0,1,1,0,0,0,1,0,1,0,1,1,0,1,0,0,0,1,1,0,1,1,1,0,0,1,1,1,0,0,0,1,1,0,0,1,1,1,0,0,1,1,592,183
0,1,0,0,1,1,1,0,0,1,1,0,0,1,1,0,1,0,1,1,0,1,0,0,0,1,1,0,1,1,1,0,0,0,1,1,0,0,0,1,1,0,0,1,1,1,0,0,1,1,604,157
0,1,0,0,1,1,1,0,0,1,1,0,0,0,1,0,1,0,1,1,0,1,0,0,0,1,1,0,1,1,1,0,0,0,1,1,0,0,0,1,1,0,0,1,1,1,0,0,1,1,625,138
0,1,0,0,1,1,1,0,0,1,1,0,0,0,1,0,1,0,1,1,0,1,0,0,0,1,1,0,1,1,1,0,0,0,1,1,0,0,0,1,0,0,0,1,1,1,0,0,1,1,628,122
0,1,0,0,1,1,1,1,0,1,1,0,0,0,1,0,1,0,1,1,0,1,0,0,0,1,1,0,1,1,1,0,0,0,1,1,1,0,0,1,1,0,0,1,1,1,0,0,1,1,647,91
0,1,0,0,1,1,1,0,0,1,1,0,0,0,1,0,1,0,1,1,0,1,0,0,0,1,1,0,1,1,1,0,0,0,1,1,1,0,0,1,1,0,0,1,1,1,0,0,1,1,648,88
0,1,0,0,1,1,1,0,0,1,1,0,0,0,1,0,1,0,1,1,0,1,0,0,0,1,1,0,1,1,1,0,0,0,1,1,0,0,1,1,0,0,0,0,1,1,0,0,1,1,707,41
0,1,0,1,1,1,1,1,0,0,1,0,0,0,1,0,1,0,1,1,1,0,0,0,0,0,1,0,1,1,1,0,1,0,1,1,1,0,1,1,0,0,0,0,1,1,0,0,1,1,731,-21
0,1,0,0,0,0,0,1,0,0,1,0,0,0,1,0,1,0,1,1,1,0,1,0,0,1,1,0,1,1,1,0,0,1,1,1,0,0,0,1,1,1,0,1,1,1,0,0,1,1,394,327
0,0,0,0,1,1,0,1,0,0,1,0,0,0,1,0,1,0,1,1,1,0,1,0,0,1,1,0,1,1,1,0,0,1,1,1,0,0,0,1,1,1,0,1,1,1,0,0,1,1,412,323
0,1,0,0,1,1,0,1,0,0,1,0,0,0,1,0,1,0,1,1,1,0,1,0,0,1,1,0,1,1,1,0,0,1,1,1,0,0,0,1,1,1,0,1,1,1,1,0,1,1,439,317
0,1,0,0,1,1,0,1,0,0,1,0,0,0,1,0,1,0,1,1,1,0,1,0,0,1,1,0,1,1,1,0,0,1,1,1,0,0,0,1,1,1,0,1,1,1,0,0,1,1,455,307
0,1,0,1,1,1,0,0,0,1,1,0,0,0,1,0,1,0,1,1,1,0,0,0,0,1,1,0,1,1,1,0,0,1,1,1,0,0,0,1,1,0,0,1,1,1,0,0,1,1,533,250
0,1,0,0,1,1,1,0,0,1,1,0,0,0,1,0,1,0,1,1,1,0,0,0,0,1,1,0,1,1,1,0,0,1,1,1,0,0,0,1,1,0,0,1,1,1,0,0,1,1,554,244
0,1,0,0,1,1,1,0,0,1,1,0,0,0,1,0,1,0,1,1,1,0,0,0,0,1,1,0,1,0,1,0,0,1,1,1,0,0,0,1,1,0,0,1,1,1,0,0,1,1,564,209
0,1,0,0,1,1,1,1,0,1,1,0,0,0,1,0,1,0,1,1,0,1,0,0,0,1,1,0,1,1,1,0,0,1,1,1,0,0,0,1,1,0,0,1,1,1,0,0,1,1,591,186
0,1,0,0,1,1,1,0,0,0,1,0,0,0,1,0,1,0,1,1,0,1,0,0,0,1,1,0,1,1,1,0,0,0,1,1,0,0,0,1,1,0,0,1,1,1,0,0,1,1,597,172
0,1,0,0,1,1,1,0,0,1,1,0,0,1,1,0,1,0,1,1,0,1,0,0,0,1,1,0,1,1,1,0,0,0,1,1,0,0,0,1,0,0,0,1,1,1,0,0,1,1,607,141
0,1,0,0,1,1,1,0,0,1,1,0,0,0,1,0,1,0,1,1,0,1,0,1,0,1,1,0,1,1,1,0,0,0,1,1,0,0,0,1,0,0,0,1,1,1,0,0,1,1,637,94
0,1,0,0,1,1,1,1,0,0,1,0,0,0,1,0,1,0,1,1,1,1,0,0,0,1,1,0,1,1,1,0,0,0,1,1,1,0,1,1,0,0,0,0,1,1,1,0,1,1,658,80
0,1,0,1,1,1,1,1,0,0,1,0,0,0,1,0,1,0,1,1,1,1,0,0,0,1,1,0,1,1,1,0,1,1,1,1,1,0,1,1,0,0,0,0,1,1,1,0,1,1,666,64
0,1,0,1,1,1,1,1,0,1,1,0,0,0,1,0,1,0,1,1,1,1,0,0,0,1,1,0,1,1,1,0,1,0,1,1,1,0,1,1,0,0,0,0,1,1,1,0,1,1,727,-15
0,1,0,1,1,1,1,0,0,1,1,0,0,1,1,0,1,0,1,1,0,1,0,1,0,1,1,1,1,1,1,0,1,0,1,1,1,0,1,1,0,0,0,0,1,1,1,0,1,1,740,-73
0,1,0,1,1,1,1,0,0,1,1,0,0,1,1,0,1,0,1,1,0,1,0,1,0,1,1,1,1,1,0,0,1,0,1,1,1,0,1,1,0,0,0,0,1,1,1,0,1,1,750,-112
0,0,0,0,1,1,0,1,0,0,1,0,0,0,1,0,1,0,1,1,1,0,1,0,0,1,1,0,1,1,1,1,0,1,1,1,0,0,0,1,1,1,0,1,1,1,0,0,1,1,374,361
0,0,0,0,1,1,0,1,0,0,1,0,0,0,1,0,1,0,1,1,1,0,1,0,0,1,1,0,1,1,1,1,0,1,1,1,0,0,1,1,1,1,0,1,1,1,0,0,1,1,423,319
0,1,0,0,1,1,0,1,0,1,1,0,0,0,1,0,1,0,0,1,1,0,0,0,0,1,1,0,1,1,1,0,0,1,0,1,0,0,1,1,1,0,0,1,1,1,0,0,1,1,488,304
0,1,0,0,1,1,1,0,0,1,1,0,0,0,1,0,1,0,0,1,1,0,0,0,0,1,1,0,1,1,1,0,0,1,1,1,0,0,0,1,1,0,0,1,1,1,0,0,1,1,516,289
0,1,0,0,1,1,1,0,0,1,1,0,0,0,1,0,1,0,0,1,1,0,0,0,0,1,1,0,1,1,1,0,1,1,1,1,0,0,0,1,1,0,0,1,1,1,0,0,1,1,531,269
0,1,0,0,1,1,1,0,0,1,1,0,0,0,1,0,1,0,1,1,0,1,0,0,0,1,1,0,1,1,1,0,0,1,1,1,0,0,0,1,1,0,0,1,1,1,1,0,1,1,576,193
0,1,0,1,1,1,1,1,0,1,1,0,0,0,1,0,1,0,1,1,1,1,0,1,0,1,1,0,1,1,1,0,1,1,1,1,0,0,1,1,0,0,0,0,1,1,1,0,1,1,680,52
0,1,0,1,1,1,1,1,0,1,1,0,0,0,1,0,1,0,1,1,1,1,0,0,0,1,1,0,1,0,1,0,1,0,1,1,1,0,1,1,0,0,0,0,1,1,1,0,1,1,737,-50
0,1,0,1,1,1,1,0,0,1,1,0,0,1,1,0,1,0,1,1,0,0,0,1,0,1,1,1,1,1,0,0,1,0,1,1,1,0,1,1,0,0,1,0,1,1,1,0,1,1,763,-131
