0,1,1,0,1,1,0,0,0,0,1,0,0,1,1,0,1,0,0,1,0,0,0,0,0,1,0,1,1,1,1,0,0,1,1,1,0,1,1,1,1,1,1,1,0,1,0,0,1,1,322,346
0,1,0,0,1,0,0,0,0,0,1,0,0,1,1,0,1,0,1,1,0,0,0,0,0,0,1,0,1,0,1,0,1,0,1,1,0,0,1,1,0,1,1,0,1,1,0,0,1,1,623,43
0,1,0,0,1,0,0,0,0,0,1,0,0,1,1,0,1,0,0,1,0,0,0,0,0,0,1,0,1,0,1,0,1,0,1,1,1,0,1,1,1,1,1,0,1,1,0,0,1,1,605,54
0,1,1,0,1,1,0,1,0,0,1,0,0,1,0,0,1,0,0,1,1,0,0,0,0,1,1,1,1,1,0,0,0,1,1,1,0,0,0,1,1,1,0,1,0,0,1,0,1,1,230,384
0,1,1,0,1,1,0,1,0,0,1,0,0,1,0,0,1,0,0,1,1,0,0,0,0,1,0,1,1,1,0,0,0,1,0,1,0,0,0,1,1,1,0,1,0,0,1,0,1,1,159,400
0,1,1,0,1,1,0,1,0,0,1,0,0,1,0,0,1,0,0,1,1,0,0,0,0,1,1,1,1,1,0,0,0,1,1,1,0,0,0,1,1,0,0,1,0,1,1,0,1,1,289,376
0,1,1,0,1,1,0,1,0,0,1,0,0,0,0,0,1,0,0,1,1,0,0,0,0,1,1,1,1,1,0,0,0,1,1,1,0,0,0,1,1,0,0,1,0,1,1,0,1,1,310,357
0,1,1,0,1,0,0,0,0,0,1,0,0,1,1,0,1,0,0,1,0,0,0,0,0,1,1,1,1,1,1,0,0,1,1,1,0,0,1,1,1,1,1,1,1,1,0,0,1,1,421,320
0,1,1,0,1,1,0,0,0,0,1,0,0,1,1,0,1,0,0,1,0,0,0,0,0,1,1,0,1,1,1,0,1,1,1,1,0,0,1,1,1,1,0,0,1,1,0,0,1,1,486,281
0,1,0,0,1,0,0,0,0,0,1,0,0,1,1,0,1,0,1,1,0,0,0,0,0,0,1,0,1,0,1,0,1,0,1,1,0,0,1,1,0,1,1,0,1,1,1,0,1,1,607,53
0,1,1,0,1,1,0,1,0,0,1,0,0,1,0,0,1,0,0,1,1,0,0,0,0,1,0,1,1,1,0,0,0,1,0,1,0,0,0,1,1,0,0,1,0,1,1,0,1,1,218,392
0,1,1,0,0,1,0,1,0,0,1,0,0,1,0,0,1,0,0,1,1,0,0,0,0,1,1,1,1,1,0,0,0,1,0,1,0,0,0,1,1,0,0,1,0,1,1,0,1,1,240,381
0,1,1,0,1,0,0,0,0,0,1,0,0,0,1,1,1,0,0,1,0,0,0,0,0,1,1,1,1,1,1,0,0,1,1,1,0,0,0,1,1,1,1,1,1,1,0,0,1,1,366,342
0,1,0,0,1,0,0,0,0,0,1,0,0,0,1,1,1,0,0,1,0,0,0,0,0,1,1,1,1,1,1,1,1,1,1,1,0,0,0,1,1,0,1,1,1,1,0,0,1,1,398,325
0,1,0,0,1,0,0,0,0,0,1,0,0,1,1,0,1,0,0,1,0,0,0,0,0,1,1,0,1,1,1,0,1,1,1,1,0,0,1,1,1,1,0,1,1,1,0,0,1,1,458,310
0,1,0,0,1,0,0,1,0,0,1,0,0,1,1,0,1,0,0,1,0,0,0,0,0,1,1,0,1,1,1,0,1,1,1,1,0,0,1,1,1,1,0,0,1,1,0,0,1,1,487,274
0,1,1,0,1,1,0,0,0,0,1,0,0,1,1,0,1,0,0,1,0,1,0,0,0,1,1,0,1,1,1,0,1,1,1,1,0,0,1,1,1,1,0,0,1,1,0,0,1,1,497,262
0,1,0,0,1,0,0,0,0,0,1,0,0,1,1,0,1,0,0,1,0,0,0,0,0,1,1,0,1,1,1,0,1,1,1,1,0,0,1,1,1,1,0,0,1,1,0,0,1,1,488,271
0,1,0,0,1,1,0,0,0,0,1,0,0,1,1,0,1,0,0,1,0,0,0,0,0,1,1,0,1,1,1,0,1,1,1,1,0,0,1,1,1,1,0,0,1,1,0,0,1,1,529,249
0,1,0,0,1,1,0,0,0,0,1,0,0,1,1,0,1,0,0,1,0,0,0,0,0,1,1,0,1,1,1,0,0,1,1,1,1,0,1,1,1,1,0,0,1,1,0,0,1,1,537,219
0,1,0,0,1,1,0,0,0,0,1,0,0,1,1,0,1,0,0,1,0,0,0,0,0,0,1,0,1,1,1,0,1,1,1,1,0,0,1,1,1,1,0,0,1,1,0,0,1,1,556,200
0,1,0,0,1,1,0,0,0,0,1,0,0,1,1,0,1,0,0,1,0,0,0,0,0,1,1,0,1,1,1,0,0,1,1,1,1,0,1,1,0,1,1,0,1,1,0,0,1,1,564,165
0,1,0,0,1,1,0,0,0,0,1,0,0,1,1,0,1,0,0,1,0,0,0,0,0,0,1,0,1,1,1,0,1,1,1,1,0,0,1,1,0,1,1,0,1,1,0,0,1,1,583,146
0,1,0,0,1,1,0,0,0,0,1,0,0,1,1,0,1,0,0,1,0,0,0,0,0,1,1,0,1,1,1,0,0,0,1,1,1,0,1,1,1,1,1,0,1,1,0,0,1,1,594,136
0,1,0,0,1,1,0,0,0,0,1,0,0,1,1,0,1,0,0,1,0,0,0,0,0,1,1,0,1,1,1,0,0,0,1,1,1,0,1,1,0,1,1,0,1,1,0,0,1,1,597,120
0,1,0,0,1,1,0,0,0,0,1,0,1,1,1,0,1,0,1,1,0,0,0,0,0,0,1,0,1,0,1,0,0,0,1,1,1,0,1,1,1,1,1,0,1,1,0,0,1,1,624,9
