0,1,0,0,1,1,1,0,0,1,1,0,0,0,1,0,1,0,1,1,0,1,0,0,0,1,1,0,1,1,1,0,0,0,1,1,0,0,1,1,0,0,0,0,1,1,0,0,1,1,707,41
0,1,0,0,1,1,0,1,0,1,1,0,0,0,1,0,1,0,0,1,1,0,0,0,0,1,1,0,1,1,1,1,0,1,1,1,0,0,0,1,1,1,0,1,1,1,0,0,1,1,418,380
0,1,0,0,1,1,1,0,0,1,1,0,0,0,1,0,1,0,0,1,1,0,0,0,0,1,1,0,1,1,1,1,1,1,1,1,0,0,0,1,1,0,0,1,1,1,0,0,1,1,493,307
0,1,0,0,1,1,0,1,0,0,1,0,0,0,1,0,1,0,0,1,1,0,0,0,0,1,1,0,1,1,1,1,0,1,1,1,0,0,0,1,1,1,0,1,1,1,0,0,1,1,390,414
0,1,0,0,1,1,0,1,0,1,1,0,0,0,1,0,1,0,0,1,1,0,0,0,0,1,1,0,1,1,1,0,0,1,1,1,0,0,0,1,1,0,0,1,1,1,0,0,1,1,468,339
0,1,0,1,1,1,1,1,0,1,1,0,0,0,1,0,1,0,1,1,1,1,0,0,0,1,1,0,1,1,1,0,1,1,1,1,1,0,1,1,0,0,1,0,1,1,1,0,1,1,718,-8
0,1,0,0,1,1,0,1,0,0,1,0,0,1,1,0,1,0,0,1,1,0,0,0,0,1,1,0,1,1,1,1,0,1,1,1,0,0,0,1,1,1,0,1,1,1,0,0,1,1,369,433
0,1,0,0,1,1,0,1,0,1,1,0,0,0,1,0,1,0,0,1,1,0,0,0,0,1,1,0,1,1,1,1,0,1,1,1,0,0,0,1,1,0,0,1,1,1,0,0,1,1,430,377
0,1,0,0,1,1,1,1,0,0,1,0,0,0,1,0,1,0,0,1,1,0,0,0,0,1,1,0,1,1,1,1,0,1,1,1,0,0,0,1,1,1,0,1,1,1,0,0,1,1,437,367
0,1,0,0,1,1,1,0,0,1,1,0,0,0,1,0,1,0,1,1,1,0,0,0,0,1,1,0,1,1,1,0,1,1,1,1,0,0,1,1,1,0,0,0,1,1,0,0,1,1,648,143
0,1,0,1,1,1,1,1,0,1,1,0,0,0,1,0,1,0,1,1,1,0,0,0,0,1,1,0,1,1,1,0,1,1,1,1,0,0,1,1,1,0,0,0,1,1,0,0,1,1,673,105
0,1,0,1,1,1,1,1,0,1,1,0,0,0,1,0,1,0,1,1,1,1,0,0,0,1,1,0,1,1,1,0,1,1,1,1,0,0,1,1,1,0,0,0,1,1,0,0,1,1,684,86
0,1,0,0,1,1,0,1,0,0,1,0,0,1,1,0,1,0,0,1,1,0,0,0,0,1,1,0,1,1,1,1,0,1,1,1,0,0,0,1,1,0,0,1,1,1,0,0,1,1,381,430
0,1,0,0,1,1,1,0,0,1,1,0,0,0,1,0,1,0,1,1,1,0,0,0,0,1,1,0,1,1,1,0,0,1,1,1,0,0,1,1,1,0,0,1,1,1,0,0,1,1,603,202
0,1,0,0,1,1,1,1,0,1,1,0,0,0,1,0,1,0,1,1,1,0,0,0,0,1,1,0,1,1,1,0,1,1,1,1,0,0,1,1,1,0,0,0,1,1,0,0,1,1,647,146
0,1,0,0,1,1,1,1,0,0,1,0,0,0,1,0,1,0,0,1,1,0,0,0,0,1,1,0,1,1,1,1,0,1,1,1,0,0,0,1,1,0,0,1,1,1,0,0,1,1,449,364
0,1,0,1,1,1,1,1,0,1,1,0,0,0,1,0,1,0,0,1,1,0,0,0,0,1,1,0,1,1,1,0,0,1,1,1,0,0,1,1,1,0,0,0,1,1,0,0,1,1,620,170
0,1,0,1,1,1,1,0,0,1,1,0,0,0,1,0,1,0,1,1,1,0,0,0,0,1,1,0,1,1,1,0,1,1,1,1,0,0,1,1,1,0,0,0,1,1,0,0,1,1,674,102
0,1,0,1,1,1,1,1,0,1,1,0,0,0,1,0,1,0,1,1,1,0,0,0,0,1,1,0,1,1,0,0,1,0,1,1,0,0,1,1,1,0,0,0,1,1,0,0,1,1,716,21
0,1,0,1,1,1,1,1,0,1,1,0,0,0,1,0,1,0,1,1,0,0,0,1,0,1,1,0,1,1,0,0,1,0,1,1,0,0,1,1,1,0,0,1,1,1,0,0,1,1,722,-10
0,1,0,1,1,1,1,1,0,1,1,0,0,0,1,0,1,0,1,1,0,0,0,0,0,0,1,0,1,1,0,0,1,0,1,1,1,0,1,1,0,0,1,0,1,1,1,0,1,1,804,-164
0,1,0,1,1,1,1,1,0,1,1,0,0,0,1,0,1,0,1,1,0,1,0,0,0,0,1,0,1,1,0,0,1,0,1,1,1,0,1,1,0,0,1,0,1,1,1,0,1,1,815,-183
0,1,0,0,1,1,0,1,0,0,1,0,0,0,1,0,1,0,0,1,1,0,0,0,0,1,1,0,1,1,1,1,0,1,1,1,0,0,0,1,1,0,0,1,1,1,0,0,1,1,402,411
0,1,0,0,1,0,1,1,0,0,1,0,0,0,1,0,1,0,0,1,1,0,0,0,0,1,1,0,1,1,1,1,0,1,1,1,0,0,0,1,1,0,0,1,1,1,0,0,1,1,408,386
0,1,0,0,1,1,1,1,0,0,1,0,0,0,1,0,1,0,0,1,1,0,0,0,0,1,1,0,1,1,1,0,0,1,1,1,0,0,1,1,1,0,0,1,1,1,0,0,1,1,536,284
0,1,0,0,1,1,1,1,0,0,1,0,0,0,1,0,1,0,0,1,1,0,0,0,0,1,1,0,1,1,1,0,0,1,1,1,0,0,1,1,1,0,0,0,1,1,0,0,1,1,566,245
0,1,0,0,1,1,1,0,0,1,1,0,0,0,1,0,1,0,0,1,1,0,0,0,0,1,1,0,1,1,1,0,0,1,1,1,0,0,1,1,1,0,0,0,1,1,0,0,1,1,595,208
0,1,0,0,1,1,1,1,0,0,1,0,0,0,1,0,1,0,1,1,1,0,0,0,0,1,1,0,1,1,1,0,0,1,1,1,0,0,1,1,1,0,0,0,1,1,0,0,1,1,604,200
0,1,0,1,1,1,1,1,0,1,1,0,0,0,1,0,1,0,0,1,1,0,0,0,0,1,1,0,1,1,1,0,1,1,1,1,0,0,1,1,1,0,0,0,1,1,0,0,1,1,635,150
0,1,0,1,1,1,1,1,0,1,1,0,0,0,1,0,1,0,1,1,0,0,0,0,0,1,1,0,1,1,0,0,1,0,1,1,0,0,1,1,0,0,1,0,1,1,0,0,1,1,770,-75
0,1,0,0,1,1,1,1,0,1,1,0,0,0,1,0,1,0,0,1,1,0,0,0,0,1,1,0,1,1,1,0,0,1,1,1,0,0,1,1,1,0,0,0,1,1,0,0,1,1,594,211
0,1,0,0,1,1,1,1,0,0,1,0,0,0,1,0,1,0,1,1,1,0,0,0,0,1,1,0,1,1,1,0,1,1,1,1,0,0,1,1,1,0,0,0,1,1,0,0,1,1,619,180
0,1,0,1,1,1,1,1,0,1,1,0,0,0,1,0,1,0,1,1,0,0,0,0,0,1,1,0,1,1,0,0,1,0,1,1,0,0,1,1,1,0,0,0,1,1,0,0,1,1,743,-21
0,1,0,1,1,1,1,1,0,0,1,0,0,0,1,0,1,0,1,1,0,0,0,0,0,0,1,0,1,1,0,0,1,0,1,1,1,0,1,1,0,0,1,0,1,1,0,0,1,1,792,-140
0,1,0,0,1,1,0,1,0,0,1,0,0,1,1,0,1,0,0,1,1,0,0,0,0,1,1,0,1,1,1,1,0,0,1,1,0,0,0,1,1,0,0,1,1,1,0,0,1,1,414,385
0,1,0,0,1,1,1,0,0,0,1,0,0,0,1,0,1,0,0,1,1,0,0,0,0,1,1,0,1,1,1,0,0,1,1,1,0,0,1,1,1,0,0,1,1,1,0,0,1,1,537,281
0,1,0,0,1,1,1,1,0,0,1,0,0,0,1,0,1,0,0,1,1,0,0,0,0,1,1,0,1,1,1,0,1,1,1,1,0,0,1,1,1,0,0,1,1,1,0,0,1,1,551,264
0,1,0,0,1,1,1,0,0,1,1,0,0,1,1,0,1,0,0,1,1,0,0,0,0,1,1,0,1,1,1,0,0,1,1,1,0,0,1,1,1,0,0,0,1,1,0,0,1,1,574,227
0,1,0,0,1,1,1,1,0,1,1,0,0,0,1,0,1,0,0,1,1,1,0,0,0,1,1,0,1,1,1,0,0,1,1,1,0,0,1,1,1,0,0,0,1,1,0,0,1,1,605,192
0,1,0,0,1,1,1,1,0,1,1,0,0,0,1,0,1,0,1,1,0,0,0,0,0,1,1,0,1,1,0,0,1,0,1,1,0,0,1,1,1,0,0,1,1,1,0,0,1,1,687,59
0,1,0,1,1,1,1,1,0,1,1,0,0,0,1,0,1,0,1,1,0,1,0,0,0,1,1,0,1,1,0,0,1,0,1,1,0,0,1,1,1,0,0,0,1,1,0,0,1,1,754,-40
0,1,0,1,1,1,1,1,0,1,1,0,0,0,1,0,1,0,1,1,0,1,0,0,0,0,1,0,1,1,0,0,1,0,1,1,0,0,1,1,1,0,0,0,1,1,0,0,1,1,781,-89
0,1,0,0,1,1,0,1,0,0,1,0,0,1,1,0,1,0,0,1,1,0,0,0,0,1,1,0,1,1,1,1,0,1,1,1,0,0,1,1,0,0,0,1,1,1,0,0,1,1,433,372
0,1,0,0,1,1,0,0,0,0,1,0,0,0,1,0,1,0,0,1,1,0,0,0,0,1,1,0,1,1,1,0,0,1,1,1,0,0,1,1,1,0,0,1,1,1,0,0,1,1,490,328
0,1,0,0,1,1,0,1,0,1,1,0,0,0,1,0,1,0,0,1,1,0,0,0,0,1,1,0,1,1,1,0,0,1,1,1,0,0,1,1,1,0,0,1,1,1,0,0,1,1,517,297
0,1,0,0,1,1,1,1,0,0,1,0,0,0,1,0,1,0,0,1,1,0,0,0,0,1,1,0,1,1,1,0,0,1,1,1,0,0,1,1,1,1,0,0,1,1,0,0,1,1,554,248
0,1,0,0,1,1,1,1,0,1,1,0,0,0,1,0,1,0,1,1,1,0,0,0,0,1,1,0,1,1,1,0,0,1,1,1,0,0,1,1,1,0,0,0,1,1,0,0,1,1,632,166
0,1,0,0,1,1,1,0,0,1,1,0,0,0,1,0,1,0,1,1,1,0,0,0,0,1,1,0,1,1,1,0,0,1,1,1,0,0,1,1,1,0,0,0,1,1,0,0,1,1,633,163
0,1,0,0,1,1,1,1,0,1,1,0,0,0,1,0,1,0,1,1,1,0,0,0,0,0,1,0,1,1,1,0,1,1,1,1,1,0,1,1,1,0,0,0,1,1,0,0,1,1,697,47
0,1,0,1,1,1,1,1,0,1,1,0,0,0,1,0,1,0,1,1,0,0,0,0,0,1,1,0,1,1,0,0,1,0,1,1,0,0,1,1,1,0,0,0,1,1,1,0,1,1,727,-11
0,1,0,1,1,1,1,1,0,1,1,0,0,0,1,0,1,0,1,1,0,0,0,0,0,1,1,0,1,1,0,0,1,0,1,1,0,0,1,1,1,0,1,0,1,1,0,0,1,1,767,-59
