0,1,1,0,1,1,0,0,0,0,1,0,0,1,1,0,1,0,0,1,0,0,0,0,0,1,1,0,1,1,1,0,1,1,1,1,0,0,1,1,1,1,0,0,1,1,0,0,1,1,486,281
0,1,0,0,1,0,0,0,0,0,1,0,0,1,1,0,1,0,0,1,0,0,0,0,0,1,1,0,1,1,1,0,1,1,1,1,0,0,1,1,1,1,0,1,1,1,0,0,1,1,458,310
0,1,0,0,1,0,0,1,0,0,1,0,0,1,1,0,1,0,0,1,0,0,0,0,0,1,1,0,1,1,1,0,1,1,1,1,0,0,1,1,1,1,0,0,1,1,0,0,1,1,487,274
0,1,0,0,1,0,0,0,0,0,1,0,0,1,1,0,1,0,0,1,0,0,0,0,0,1,1,0,1,1,1,0,1,1,1,1,0,0,1,1,1,1,0,0,1,1,0,0,1,1,488,271
0,1,0,0,1,1,0,0,0,0,1,0,0,1,1,0,1,0,0,1,0,0,0,0,0,1,1,0,1,1,1,0,1,1,1,1,0,0,1,1,1,1,0,0,1,1,0,0,1,1,529,249
0,1,1,0,1,0,0,0,0,0,1,0,0,1,1,0,1,0,0,1,0,0,0,0,0,1,1,0,1,1,1,0,1,1,1,1,0,0,1,1,1,1,0,1,1,1,0,0,1,1,415,342
0,1,0,0,1,1,0,0,0,0,1,0,0,1,1,0,1,0,0,1,0,1,0,0,0,1,1,0,1,1,1,0,1,1,1,1,0,0,1,1,1,1,0,0,1,1,0,0,1,1,540,230
0,1,1,0,1,0,0,0,0,0,1,0,0,1,1,0,1,0,0,1,0,0,0,0,0,1,0,1,1,1,0,1,0,1,0,1,0,0,0,1,1,0,0,1,1,1,1,0,1,1,245,422
0,1,1,0,1,0,0,0,0,0,1,0,0,1,1,0,1,0,0,0,0,0,0,0,0,1,1,0,1,1,1,0,1,1,1,1,0,0,0,1,1,0,0,1,1,1,0,0,1,1,337,387
0,1,1,0,1,0,0,0,0,0,1,0,0,1,1,0,1,0,0,1,0,0,0,0,0,1,1,0,1,1,1,0,1,1,1,1,0,0,0,1,1,0,0,1,1,1,0,0,1,1,378,381
0,1,1,0,1,0,0,0,0,0,1,0,0,1,1,0,1,0,0,1,0,0,0,0,0,1,1,0,1,1,1,0,1,1,1,1,0,0,0,1,1,0,1,1,1,1,0,0,1,1,402,343
0,1,0,0,1,0,0,1,0,0,1,0,0,1,1,0,1,0,0,1,0,0,0,0,0,1,1,0,1,1,1,0,0,1,1,1,0,0,1,1,1,1,0,1,1,1,0,0,1,1,442,333
0,1,0,0,1,0,0,0,0,0,1,0,0,1,1,0,1,0,0,1,0,0,0,0,0,1,1,0,1,1,1,0,0,1,1,1,0,0,1,1,1,1,0,1,1,1,0,0,1,1,443,330
0,1,0,0,1,1,0,0,0,0,1,0,0,1,1,0,1,0,0,1,0,0,0,0,0,1,1,0,1,1,1,0,0,1,1,1,0,0,1,1,1,1,0,0,1,1,0,0,1,1,514,269
0,1,0,0,1,1,1,0,0,0,1,0,0,1,1,0,1,0,0,1,0,1,0,0,0,0,1,0,1,1,1,0,1,0,1,1,0,0,1,1,0,1,1,0,1,1,0,0,1,1,674,35
0,1,0,0,1,1,1,0,0,0,1,0,0,1,1,0,1,0,0,1,0,1,0,0,0,0,1,0,1,1,1,0,1,0,1,1,0,0,1,1,0,0,0,0,1,1,0,0,1,1,662,70
0,1,0,0,1,1,1,0,0,0,1,0,0,1,1,0,1,0,0,1,0,1,0,0,0,0,1,0,1,1,1,0,1,0,1,1,0,0,1,1,0,0,1,0,1,1,0,0,1,1,686,32
0,0,1,0,1,0,0,0,0,0,1,0,0,1,1,0,1,0,0,1,0,0,0,0,0,1,1,0,1,1,0,1,0,1,0,1,0,0,0,1,1,0,0,1,0,1,1,0,1,1,199,443
0,1,1,0,1,0,0,0,0,0,1,0,0,1,1,0,1,0,0,0,0,0,0,0,0,1,0,1,1,1,0,1,0,1,0,1,0,0,0,1,1,0,0,1,1,1,1,0,1,1,204,428
0,1,1,0,1,0,0,0,0,0,1,0,0,1,1,0,1,0,0,1,0,0,0,0,0,1,0,1,1,1,0,1,0,1,0,1,0,0,0,1,1,0,0,1,1,1,0,0,1,1,261,412
0,1,1,0,1,0,0,0,0,0,1,0,0,1,1,0,1,0,0,1,0,0,0,0,0,1,1,0,1,1,1,0,0,1,1,1,0,0,1,1,1,1,0,1,1,1,0,0,1,1,400,362
0,1,1,0,1,1,0,0,0,0,1,0,0,0,1,0,1,0,0,1,0,0,0,0,0,1,1,0,1,1,1,1,0,1,1,1,0,0,1,1,1,1,0,0,1,1,0,0,1,1,454,320
0,1,1,0,1,1,0,0,0,0,1,0,0,1,1,0,1,0,0,1,0,0,0,0,0,1,1,0,1,1,1,0,0,1,1,1,0,0,1,1,1,1,0,0,1,1,0,0,1,1,471,301
0,1,0,0,1,1,0,0,0,0,1,0,0,1,1,0,1,0,0,1,0,0,0,0,0,1,1,0,1,1,1,0,1,1,1,1,0,0,0,1,1,1,0,0,1,1,0,0,1,1,480,291
0,1,0,0,1,1,0,0,0,0,1,0,0,1,1,0,1,0,0,1,0,0,0,0,0,1,1,0,1,1,1,0,1,0,1,1,0,0,1,1,1,1,0,0,1,1,0,0,1,1,562,204
0,1,0,0,1,1,0,0,0,0,1,0,0,1,1,0,1,0,0,1,0,0,0,0,0,0,1,0,1,1,1,0,1,1,1,1,0,0,1,1,1,0,0,0,1,1,0,0,1,1,568,197
0,1,0,0,1,1,0,0,0,0,1,0,0,1,1,0,1,0,0,1,0,0,0,0,0,0,1,0,1,1,1,0,1,1,1,1,0,0,1,1,1,0,1,0,1,1,0,0,1,1,592,159
0,1,0,0,1,1,0,0,0,0,1,0,0,1,1,0,1,0,1,1,0,0,0,0,0,0,1,0,1,1,1,0,1,1,1,1,0,0,1,1,1,0,0,0,1,1,0,0,1,1,606,152
0,1,0,0,1,1,0,0,0,0,1,0,0,1,1,0,1,0,0,1,0,1,0,0,0,0,1,0,1,1,1,0,1,0,1,1,0,0,1,1,1,0,0,0,1,1,0,0,1,1,612,133
0,1,0,0,1,1,1,0,0,0,1,0,0,1,1,0,1,0,0,1,0,1,0,0,0,0,1,0,1,1,1,0,1,1,1,1,0,0,1,1,0,0,0,0,1,1,0,0,1,1,629,115
0,1,0,0,1,1,0,0,0,0,1,0,0,1,1,0,1,0,1,1,0,0,0,0,0,0,1,0,1,1,1,0,1,1,1,1,0,0,1,1,1,0,1,0,1,1,0,0,1,1,630,114
0,1,0,0,1,1,1,0,0,0,1,0,0,1,1,0,1,0,0,1,0,1,0,0,0,0,1,0,1,1,1,0,1,0,1,1,0,0,1,1,1,0,0,0,1,1,0,0,1,1,659,86
