0,0,0,0,0,1,1,0,0,0,1,0,0,1,1,1,1,1,0,1,0,0,1,0,0,0,1,0,1,0,1,1,0,1,1,1,0,1,0,1,1,0,0,1,1,0,1,0,1,1,234,272
0,1,0,0,0,1,0,1,0,0,1,0,1,0,0,0,1,0,1,1,0,1,1,1,0,1,1,1,1,1,1,0,0,1,1,1,0,0,0,1,0,1,0,1,1,1,1,0,1,1,391,183
0,1,0,0,0,1,0,1,0,0,1,0,1,0,0,0,1,0,1,1,0,1,1,1,0,1,1,1,1,1,1,0,0,1,1,1,0,0,0,1,0,1,0,1,1,1,0,0,1,1,407,173
0,1,0,0,0,1,0,1,0,0,1,0,0,0,0,0,1,0,1,1,0,1,1,1,0,1,1,1,1,1,0,0,0,1,1,1,0,0,0,1,1,1,0,1,1,1,1,0,1,1,443,158
0,1,0,0,0,1,1,1,0,0,1,0,0,0,0,0,1,0,1,1,0,1,1,1,0,1,1,1,1,1,0,0,1,1,1,1,0,0,1,0,1,1,0,1,1,1,1,0,1,1,551,6
0,1,0,0,0,1,1,1,0,0,1,0,0,1,0,0,1,0,1,1,0,0,1,1,0,1,1,1,1,1,0,0,0,0,1,1,1,0,1,1,1,1,0,0,1,1,1,0,1,1,593,-27
0,1,0,0,0,1,0,1,0,0,1,0,1,0,0,0,1,0,0,1,0,1,1,0,0,1,1,0,1,1,1,1,0,1,0,1,0,0,0,1,0,1,0,1,1,1,1,0,0,0,194,292
0,1,0,0,0,1,0,1,0,0,1,0,1,0,0,0,1,0,0,1,0,1,1,0,0,1,0,0,1,1,1,1,0,1,0,1,0,0,0,1,0,1,0,1,1,1,1,0,0,0,152,301
0,1,0,0,0,0,0,1,0,1,1,0,1,0,0,0,1,0,1,1,1,1,1,0,0,1,1,0,1,1,1,0,0,1,1,1,0,0,0,1,0,1,0,1,0,1,1,0,1,1,297,255
0,1,0,0,0,0,0,1,0,0,1,0,1,0,0,0,1,0,1,1,0,1,1,0,0,1,1,0,1,1,1,0,0,1,1,1,0,0,0,1,0,1,0,1,1,1,1,0,1,1,344,237
0,1,0,0,0,0,0,1,0,1,1,0,1,0,0,0,1,0,1,1,0,0,1,0,0,1,1,0,1,1,1,0,0,1,1,1,0,0,0,1,0,1,0,1,1,1,1,0,1,1,361,222
0,1,0,0,0,0,0,1,0,1,1,0,1,0,0,0,1,0,1,1,0,1,1,0,0,1,1,0,1,1,1,0,0,1,1,1,0,0,0,1,0,1,0,1,1,1,1,0,1,1,372,203
0,1,0,0,0,0,0,1,0,1,1,0,0,0,0,0,1,0,1,1,0,1,1,0,0,1,1,0,1,1,1,0,0,0,1,1,0,0,0,1,0,1,0,1,1,1,1,0,1,1,450,156
0,1,0,0,0,0,0,1,0,1,1,0,0,0,0,0,1,0,1,1,0,1,0,0,0,1,1,0,1,1,1,0,0,0,1,1,0,0,0,1,0,1,0,0,1,1,1,0,1,1,491,141
0,1,0,0,0,1,1,0,0,0,1,0,0,1,0,0,1,0,1,1,0,0,0,1,0,1,1,1,1,1,1,0,0,0,1,1,0,0,0,1,0,1,1,0,1,1,1,0,1,1,550,71
0,1,1,1,0,1,1,1,0,0,1,0,0,1,1,0,1,0,1,1,0,1,0,1,0,1,1,1,1,1,0,0,0,0,1,1,1,0,1,1,1,1,1,0,1,1,1,0,1,1,652,-44
0,1,0,1,0,1,1,1,0,0,1,0,0,1,1,0,1,0,1,1,0,1,0,1,0,1,1,1,1,1,0,0,0,0,1,1,1,0,1,1,1,1,1,0,1,1,1,0,1,1,695,-76
