0,1,0,0,1,1,1,0,0,1,1,0,0,0,1,0,1,0,1,1,0,1,0,0,0,1,1,0,1,1,1,0,0,0,1,1,0,0,1,1,0,0,0,0,1,1,0,0,1,1,707,41
0,1,0,1,1,1,1,1,0,0,1,0,0,0,1,0,1,0,1,1,1,0,0,0,0,0,1,0,1,1,1,0,1,0,1,1,1,0,1,1,0,0,0,0,1,1,0,0,1,1,731,-21
0,1,0,1,1,1,0,0,0,1,1,0,0,0,1,0,1,0,1,1,1,0,0,0,0,1,1,0,1,1,1,0,0,1,1,1,0,0,0,1,1,0,0,1,1,1,0,0,1,1,533,250
0,1,0,0,1,1,1,0,0,1,1,0,0,0,1,0,1,0,1,1,1,0,0,0,0,1,1,0,1,1,1,0,0,1,1,1,0,0,0,1,1,0,0,1,1,1,0,0,1,1,554,244
0,1,0,0,1,1,1,0,0,1,1,0,0,0,1,0,1,0,1,1,1,0,0,0,0,1,1,0,1,0,1,0,0,1,1,1,0,0,0,1,1,0,0,1,1,1,0,0,1,1,564,209
0,1,0,0,1,1,1,1,0,1,1,0,0,0,1,0,1,0,1,1,0,1,0,0,0,1,1,0,1,1,1,0,0,1,1,1,0,0,0,1,1,0,0,1,1,1,0,0,1,1,591,186
0,1,0,1,1,1,1,1,0,1,1,0,0,0,1,0,1,0,1,1,1,1,0,0,0,1,1,0,1,1,1,0,1,0,1,1,1,0,1,1,0,0,0,0,1,1,1,0,1,1,727,-15
0,1,0,0,1,1,1,0,0,1,1,0,0,0,1,0,1,0,0,1,1,0,0,0,0,1,1,0,1,1,1,0,0,1,1,1,0,0,0,1,1,0,0,1,1,1,0,0,1,1,516,289
0,1,0,0,1,1,1,0,0,1,1,0,0,0,1,0,1,0,0,1,1,0,0,0,0,1,1,0,1,1,1,0,1,1,1,1,0,0,0,1,1,0,0,1,1,1,0,0,1,1,531,269
0,1,0,1,1,1,1,1,0,1,1,0,0,0,1,0,1,0,1,1,1,1,0,0,0,1,1,0,1,0,1,0,1,0,1,1,1,0,1,1,0,0,0,0,1,1,1,0,1,1,737,-50
0,1,0,0,1,1,0,1,0,1,1,0,0,0,1,0,1,0,0,1,1,0,0,0,0,1,1,0,1,1,1,1,0,1,1,1,0,0,0,1,1,1,0,1,1,1,0,0,1,1,418,380
0,1,0,0,1,1,1,0,0,1,1,0,0,0,1,0,1,0,0,1,1,0,0,0,0,1,1,0,1,1,1,1,1,1,1,1,0,0,0,1,1,0,0,1,1,1,0,0,1,1,493,307
0,1,0,0,1,1,1,0,0,1,1,0,0,0,1,0,1,0,0,1,1,1,0,0,0,1,1,0,1,1,1,0,0,1,1,1,0,0,0,1,1,0,0,1,1,1,0,0,1,1,527,270
0,1,0,0,1,1,1,0,0,1,1,0,0,0,1,0,1,0,1,1,1,0,0,0,0,1,1,0,1,1,1,0,0,1,1,1,0,0,0,1,1,0,0,0,1,1,0,0,1,1,584,205
0,1,0,1,1,1,1,1,0,1,1,0,0,0,1,0,1,0,1,1,1,1,0,1,0,1,1,0,1,1,0,0,1,0,1,1,1,0,1,1,0,0,1,0,1,1,1,0,1,1,770,-120
0,1,0,1,1,1,1,1,0,1,1,0,0,0,1,0,1,0,1,1,0,0,0,1,0,1,1,1,1,1,0,0,1,0,1,1,1,0,1,1,0,0,1,0,1,1,1,0,1,1,783,-147
0,1,0,0,1,1,0,1,0,0,1,0,0,0,1,0,1,0,0,1,1,0,0,0,0,1,1,0,1,1,1,1,0,1,1,1,0,0,0,1,1,1,0,1,1,1,0,0,1,1,390,414
0,1,0,0,1,1,0,1,0,1,1,0,0,0,1,0,1,0,0,1,1,0,0,0,0,1,1,0,1,1,1,0,0,1,1,1,0,0,0,1,1,0,0,1,1,1,0,0,1,1,468,339
0,1,0,0,1,1,0,1,0,1,1,0,0,0,1,0,1,0,1,1,1,0,0,0,0,1,1,0,1,1,1,0,0,1,1,1,0,0,0,1,1,0,0,1,1,1,0,0,1,1,506,294
0,1,0,0,1,1,1,0,0,1,1,0,0,0,1,0,1,0,1,1,1,0,0,0,0,1,1,0,1,1,1,0,0,0,1,1,0,0,0,1,1,0,0,1,1,1,0,0,1,1,587,199
0,1,0,0,1,1,1,0,0,1,1,0,0,0,1,0,1,0,1,1,1,0,0,0,0,1,1,0,1,1,1,0,1,1,1,1,0,0,0,1,1,0,0,0,1,1,0,0,1,1,599,185
0,1,0,0,1,1,1,0,0,1,1,0,0,0,1,0,1,0,1,1,1,0,0,0,0,1,1,0,1,1,1,0,0,0,1,1,0,0,0,1,1,0,0,0,1,1,0,0,1,1,617,160
0,1,0,1,1,1,1,1,0,1,1,0,0,0,1,0,1,0,1,1,1,1,0,0,0,1,1,0,1,1,1,0,1,1,1,1,1,0,1,1,0,0,1,0,1,1,1,0,1,1,718,-8
0,1,0,1,1,1,1,1,0,1,1,0,0,0,1,0,1,0,1,1,1,1,0,0,0,1,1,0,1,1,1,0,1,0,1,1,1,0,1,1,0,0,1,0,1,1,1,0,1,1,751,-53
0,1,0,0,1,1,0,1,0,0,1,0,0,1,1,0,1,0,0,1,1,0,0,0,0,1,1,0,1,1,1,1,0,1,1,1,0,0,0,1,1,1,0,1,1,1,0,0,1,1,369,433
0,1,0,0,1,1,0,1,0,0,1,0,0,0,1,0,1,0,0,1,1,0,0,0,0,1,1,0,1,1,1,1,0,1,1,1,0,0,0,1,0,1,0,1,1,1,0,0,1,1,393,398
0,0,0,0,1,1,1,1,0,0,1,0,0,0,1,0,1,0,0,1,1,0,0,0,0,1,1,0,1,1,1,1,0,1,1,1,0,0,0,1,1,1,0,1,1,1,0,0,1,1,394,383
0,1,0,0,1,1,0,1,0,1,1,0,0,0,1,0,1,0,0,1,1,0,0,0,0,1,1,0,1,1,1,1,0,1,1,1,0,0,0,1,1,0,0,1,1,1,0,0,1,1,430,377
0,1,0,0,1,1,1,1,0,0,1,0,0,0,1,0,1,0,0,1,1,0,0,0,0,1,1,0,1,1,1,1,0,1,1,1,0,0,0,1,1,1,0,1,1,1,0,0,1,1,437,367
0,1,0,0,1,1,0,1,0,1,1,0,0,1,1,0,1,0,1,1,1,0,0,0,0,1,1,0,1,1,1,0,0,1,1,1,0,0,0,1,1,0,0,1,1,1,0,0,1,1,485,313
0,1,0,0,1,1,1,1,0,1,1,0,0,0,1,0,1,0,1,1,1,0,0,0,0,1,1,0,1,1,1,0,0,1,1,1,0,0,0,1,1,0,0,1,1,1,0,0,1,1,553,247
0,1,0,0,1,1,1,0,0,1,1,0,0,0,1,0,1,0,1,1,1,0,0,0,0,1,1,0,1,1,1,0,0,1,1,1,0,0,0,1,0,0,0,1,1,1,0,0,1,1,557,228
0,1,0,1,1,1,1,0,0,1,1,0,0,0,1,0,1,0,1,1,1,0,0,0,0,1,1,0,1,1,1,0,0,1,1,1,0,0,0,1,1,0,0,0,1,1,0,0,1,1,610,164
0,1,0,1,1,1,1,0,0,0,1,0,0,0,1,0,1,0,1,1,1,0,0,0,0,1,1,0,1,1,1,0,1,1,1,1,0,0,1,1,1,0,0,0,1,1,1,0,1,1,630,146
0,1,0,0,1,1,1,0,0,1,1,0,0,0,1,0,1,0,1,1,1,0,0,0,0,1,1,0,1,1,1,0,1,1,1,1,0,0,1,1,1,0,0,0,1,1,0,0,1,1,648,143
0,1,0,1,1,1,1,1,0,1,1,0,0,0,1,0,1,0,1,1,1,0,0,0,0,1,1,0,1,1,1,0,1,1,1,1,0,0,1,1,1,0,0,0,1,1,0,0,1,1,673,105
0,1,0,1,1,1,1,1,0,1,1,0,0,0,1,0,1,0,1,1,1,1,0,0,0,1,1,0,1,1,1,0,1,1,1,1,0,0,1,1,1,0,0,0,1,1,0,0,1,1,684,86
