0,1,1,0,1,1,0,0,0,0,0,0,0,1,0,1,1,0,0,1,0,1,0,0,0,1,0,1,1,1,0,0,0,1,1,1,0,1,0,1,1,1,0,1,0,1,1,0,1,0,119,306
0,1,1,0,1,1,0,1,0,0,0,0,0,1,0,1,1,0,0,1,0,1,0,0,0,1,0,1,1,1,0,0,0,1,1,1,0,1,0,1,1,1,0,1,0,1,1,0,1,0,118,309
0,1,1,0,1,0,0,1,0,0,0,0,0,1,0,0,1,0,0,1,0,1,0,0,0,1,0,1,1,1,0,0,0,1,1,1,0,1,1,1,1,1,0,1,0,1,1,0,1,1,198,302
0,1,1,0,1,0,0,1,0,0,0,0,0,0,0,0,1,0,0,1,0,1,0,0,0,1,0,1,1,0,1,0,0,1,1,1,0,1,1,1,1,1,0,1,0,1,1,0,1,1,219,287
0,1,1,0,1,1,0,0,0,0,1,0,0,1,0,0,1,0,0,1,0,0,0,1,0,0,0,1,1,1,1,0,0,1,1,1,0,1,1,1,1,1,0,1,0,1,0,0,1,1,304,282
0,1,1,0,1,1,0,0,0,1,1,0,0,1,0,0,1,0,0,1,0,0,0,1,0,0,0,1,1,1,1,0,0,1,1,1,0,1,1,1,1,1,0,1,0,1,0,0,1,1,332,248
0,1,0,0,1,1,0,0,0,1,1,0,0,1,0,0,1,0,0,1,0,0,0,1,0,0,0,1,1,1,1,0,0,1,0,1,0,1,1,1,1,1,0,1,0,1,0,0,1,1,346,223
0,1,0,0,1,1,0,0,0,1,1,0,0,1,0,0,1,0,0,1,0,0,0,1,0,0,0,1,1,1,1,0,0,1,1,1,0,1,1,1,1,1,0,1,0,1,0,0,1,1,375,216
0,1,1,1,1,1,0,0,0,0,1,0,0,1,1,0,0,0,1,1,0,0,0,1,0,0,0,1,1,0,0,0,0,1,1,1,0,0,1,1,1,1,0,1,0,1,0,0,1,1,431,76
0,1,0,0,1,1,0,0,0,1,1,0,0,1,0,0,1,0,0,1,0,0,0,1,0,0,0,1,1,0,1,0,0,1,1,1,0,1,1,1,1,1,0,1,0,1,0,0,1,1,385,181
