0,1,1,0,1,1,0,0,0,0,1,0,0,1,1,0,1,0,0,1,0,0,0,0,0,1,1,1,1,1,1,0,0,1,1,1,0,1,1,1,1,1,1,1,0,1,0,0,1,1,364,337
0,1,1,0,1,1,0,0,0,0,1,0,0,1,1,0,1,0,0,1,0,0,0,0,0,1,0,1,1,1,1,0,0,1,1,1,0,1,1,1,1,1,1,1,0,1,0,0,1,1,322,346
0,1,0,0,1,0,0,0,0,0,1,0,0,1,1,0,1,0,0,1,0,0,0,0,0,0,1,0,1,1,1,0,1,1,1,1,0,0,1,1,1,1,0,0,1,1,0,0,1,1,515,222
0,1,0,0,1,0,0,0,0,0,1,0,0,1,1,0,1,0,0,1,0,0,0,0,0,0,1,0,1,1,1,0,1,1,1,1,0,0,1,1,1,1,1,0,1,1,0,0,1,1,539,184
0,1,0,0,1,0,0,0,0,0,1,0,0,1,1,0,1,0,0,1,0,0,0,1,0,0,1,0,1,0,1,0,1,0,1,1,0,0,1,1,0,1,1,0,1,1,0,0,1,1,594,60
0,1,0,0,1,0,0,0,0,0,1,0,0,1,1,0,1,0,0,1,0,0,0,0,0,0,1,0,1,1,1,0,0,1,1,1,0,0,1,1,1,1,1,1,1,1,0,0,1,1,494,243
0,1,0,0,1,0,0,0,0,0,1,0,0,1,1,0,1,0,0,1,0,0,0,0,0,0,1,0,1,1,1,0,0,1,1,1,0,0,1,1,1,1,1,0,1,1,0,0,1,1,524,204
0,1,0,0,1,0,0,0,0,0,1,0,0,1,1,0,1,0,0,1,0,0,0,0,0,0,1,0,1,0,1,0,1,0,1,1,0,0,1,1,0,1,1,0,1,1,0,0,1,1,585,88
0,1,0,0,1,0,0,0,0,0,1,0,0,1,1,0,1,0,1,1,0,0,0,0,0,0,1,0,1,0,1,0,1,0,1,1,0,0,1,1,0,1,1,0,1,1,0,0,1,1,623,43
0,1,0,0,1,0,0,0,0,0,1,0,0,1,1,0,1,0,0,1,0,0,0,0,0,0,1,0,1,0,1,0,1,0,1,1,1,0,1,1,1,1,1,0,1,1,0,0,1,1,605,54
0,1,1,0,1,1,0,1,0,0,1,0,0,1,0,0,1,0,0,1,1,0,0,0,0,1,1,1,1,1,0,0,0,1,1,1,0,0,0,1,1,1,0,1,0,0,1,0,1,1,230,384
0,1,1,0,1,1,0,1,0,0,1,0,0,1,0,0,1,0,0,1,1,0,0,0,0,1,0,1,1,1,0,0,0,1,0,1,0,0,0,1,1,1,0,1,0,0,1,0,1,1,159,400
0,1,1,0,1,1,0,1,0,0,1,0,0,1,0,0,1,0,0,1,1,0,0,0,0,1,1,1,1,1,0,0,0,1,1,1,0,0,0,1,1,0,0,1,0,1,1,0,1,1,289,376
0,1,1,0,1,1,0,1,0,0,1,0,0,0,0,0,1,0,0,1,1,0,0,0,0,1,1,1,1,1,0,0,0,1,1,1,0,0,0,1,1,0,0,1,0,1,1,0,1,1,310,357
0,1,1,0,1,0,0,0,0,0,1,0,0,1,1,0,1,0,0,1,0,0,0,0,0,1,1,1,1,1,1,0,0,1,1,1,0,0,1,1,1,1,1,1,1,1,0,0,1,1,421,320
0,1,1,0,1,1,0,0,0,0,1,0,0,1,1,0,1,0,0,1,0,0,0,0,0,1,1,0,1,1,1,0,1,1,1,1,0,0,1,1,1,1,0,0,1,1,0,0,1,1,486,281
0,1,0,0,1,0,0,0,0,0,1,0,0,1,1,0,1,0,0,1,0,1,0,0,0,0,1,0,1,1,1,0,1,1,1,1,0,0,1,1,1,1,1,0,1,1,0,0,1,1,550,165
0,1,0,0,1,0,0,0,0,0,1,0,0,1,1,0,1,0,0,1,0,0,0,0,0,1,1,0,1,0,1,0,1,0,1,1,0,0,1,1,1,1,1,0,1,1,0,0,1,1,555,153
0,1,0,0,1,0,0,0,0,0,1,0,0,1,1,0,1,0,0,1,1,0,0,0,0,0,1,0,1,0,1,0,1,0,1,1,0,0,1,1,0,1,1,0,1,1,0,0,1,1,558,130
0,1,0,0,1,0,0,1,0,0,1,0,0,1,1,0,1,0,0,1,0,0,0,0,0,0,1,0,1,0,1,0,1,0,1,1,0,0,1,1,0,1,1,0,1,1,1,0,1,1,568,101
0,1,0,0,1,0,0,0,0,0,1,0,0,1,1,0,1,0,1,1,0,0,0,0,0,0,1,0,1,0,1,0,1,0,1,1,0,0,1,1,0,1,1,0,1,1,1,0,1,1,607,53
